0.75,2.15,82.57,140468.05
0.92,2.67,82.87,140371.48
1.04,3.12,83.22,140288.72
1.16,3.57,83.63,140219.75
1.26,3.94,84.01,140136.97
1.37,4.40,84.52,140068.00
1.48,4.77,84.98,139999.03
1.58,5.15,85.48,139930.06
1.68,5.60,86.13,139847.28
1.79,5.98,86.72,139778.31
1.89,6.36,87.34,139709.34
2.00,6.82,88.13,139626.56
2.12,7.20,88.84,139557.59
2.22,7.58,89.58,139474.83
2.34,8.04,90.53,139392.06
2.45,8.50,91.52,139323.08
2.56,8.88,92.40,139254.09
2.66,9.26,93.31,139171.34
2.78,9.73,94.45,139102.38
2.88,10.11,95.45,139033.39
2.98,10.50,96.49,138950.62
3.10,10.88,97.56,138881.66
3.21,11.35,98.90,138812.67
3.32,11.82,100.30,138729.89
3.43,12.20,101.50,138660.94
3.53,12.59,102.75,138578.16
3.66,13.14,104.55,138495.39
3.77,13.53,105.89,138426.41
3.87,13.92,107.27,138357.44
3.97,14.32,108.69,138288.47
4.08,14.79,110.44,138205.69
4.19,15.18,111.94,138136.72
4.29,15.66,113.80,138053.95
4.41,16.05,115.39,137984.98
4.51,16.45,117.02,137916.00
4.61,16.85,118.69,137847.03
4.71,17.24,120.40,137778.06
4.81,17.64,122.15,137695.28
4.94,18.12,124.30,137626.31
5.04,18.60,126.51,137543.55
5.15,19.00,128.39,137474.58
5.25,19.40,130.32,137405.59
5.35,19.81,132.28,137336.62
5.45,20.21,134.29,137267.64
5.55,20.61,136.33,137198.69
5.65,21.01,138.42,137129.70
5.76,21.50,140.98,137046.94
5.87,21.91,143.15,136977.95
5.98,22.31,145.37,136908.98
6.08,22.80,148.08,136826.22
6.19,23.21,150.38,136757.23
6.29,23.61,152.73,136688.27
6.40,24.02,155.12,136605.50
6.52,24.43,157.54,136536.52
6.63,25.01,161.01,136453.75
6.74,25.42,163.54,136384.77
6.84,25.83,166.11,136315.80
6.94,26.24,168.71,136246.83
7.04,26.65,171.36,136177.84
7.15,27.07,174.05,136108.89
7.25,27.48,176.79,136026.11
7.36,27.98,180.12,135957.14
7.46,28.40,182.94,135874.38
7.58,28.89,186.38,135805.39
7.68,29.31,189.30,135736.42
7.79,29.81,192.85,135653.64
7.91,30.23,195.86,135584.67
8.01,30.73,199.52,135501.91
8.13,31.15,202.62,135419.14
8.24,31.66,206.40,135350.16
8.34,32.08,209.59,135281.20
8.45,32.50,212.82,135198.42
8.57,33.09,217.42,135115.64
8.68,33.52,220.75,135046.67
8.79,33.94,224.13,134977.70
8.89,34.37,227.55,134894.94
9.00,34.88,231.71,134825.95
9.11,35.39,235.93,134743.20
9.22,35.82,239.50,134674.22
9.32,36.24,243.10,134605.23
9.43,36.76,247.49,134522.48
9.54,37.19,251.19,134453.50
9.65,37.62,254.93,134384.52
9.76,38.13,259.48,134301.75
9.87,38.56,263.32,134218.98
9.99,39.08,267.99,134136.22
10.11,39.60,272.71,134067.23
10.21,40.12,277.50,133984.47
10.33,40.55,281.54,133915.50
10.43,40.99,285.62,133832.73
10.55,41.51,290.58,133749.95
10.67,42.03,295.59,133680.98
10.77,42.47,299.82,133612.02
10.88,42.91,304.09,133543.05
10.99,43.34,308.41,133460.27
11.10,43.87,313.65,133391.30
11.21,44.31,318.06,133322.33
11.31,44.75,322.52,133253.34
11.41,45.28,327.93,133170.58
11.53,45.72,332.48,133101.61
11.63,46.16,337.08,133018.84
11.75,46.69,342.65,132936.06
11.86,47.22,348.29,132867.09
11.97,47.67,353.04,132784.31
12.09,48.20,358.80,132715.34
12.19,48.65,363.64,132632.58
12.31,49.18,369.52,132563.59
12.41,49.63,374.46,132494.62
12.52,50.17,380.46,132411.86
12.63,50.61,385.50,132342.89
12.73,51.06,390.59,132260.11
12.86,51.60,396.75,132177.34
12.98,52.23,404.02,132094.58
13.10,52.77,410.33,132011.81
13.21,53.23,415.63,131929.05
13.33,53.77,422.06,131860.06
13.44,54.22,427.46,131777.30
13.55,54.76,434.00,131694.53
13.67,55.31,440.61,131611.77
13.79,55.86,447.28,131528.98
13.91,56.40,454.02,131460.02
14.02,56.95,460.83,131377.25
14.13,57.41,466.55,131294.48
14.25,57.96,473.48,131211.72
14.37,58.42,479.30,131142.73
14.49,59.06,487.53,131059.97
14.60,59.52,493.46,130991.00
14.71,60.07,500.64,130908.22
14.82,60.53,506.67,130839.25
14.93,60.99,512.75,130756.48
15.04,61.55,520.11,130673.70
15.16,62.10,527.53,130590.93
15.28,62.66,535.02,130521.96
15.39,63.21,542.57,130439.20
15.50,63.68,548.92,130356.44
15.62,64.23,556.60,130273.66
15.74,64.79,564.34,130190.89
15.86,65.35,572.16,130121.91
15.97,65.82,578.72,130039.15
16.08,66.38,586.65,129956.38
16.20,66.94,594.66,129887.40
16.31,67.50,602.73,129804.63
16.42,68.07,610.87,129721.87
16.54,68.54,617.70,129652.89
16.64,69.01,624.58,129570.12
16.76,69.57,632.90,129501.16
16.86,70.04,639.88,129418.38
16.98,70.61,648.33,129349.40
17.08,71.09,655.41,129280.42
17.19,71.56,662.55,129197.66
17.31,72.22,672.62,129114.89
17.42,72.70,679.87,129045.91
17.53,73.18,687.17,128963.15
17.65,73.75,695.99,128880.38
17.77,74.23,703.39,128811.40
17.88,74.80,712.33,128728.63
18.00,75.37,721.35,128645.87
18.12,75.95,730.43,128563.09
18.24,76.52,739.58,128494.13
18.34,77.10,748.81,128411.35
18.46,77.58,756.54,128342.38
18.57,78.16,765.89,128259.62
18.68,78.73,775.31,128176.84
18.80,79.21,783.21,128107.86
18.90,79.79,792.75,128025.10
19.02,80.27,800.76,127956.12
19.12,80.85,810.43,127873.35
19.24,81.34,818.55,127804.38
19.34,81.92,828.35,127721.61
19.46,82.40,836.57,127652.64
19.56,82.89,844.84,127583.66
19.67,83.38,853.15,127500.90
19.78,83.96,863.20,127418.13
19.90,84.55,873.31,127349.16
20.00,85.04,881.80,127266.38
20.12,85.62,892.04,127183.61
20.24,86.21,902.36,127100.84
20.36,86.80,912.74,127031.87
20.47,87.29,921.45,126949.10
20.59,87.98,933.73,126866.33
20.70,88.48,942.56,126797.35
20.80,88.97,951.43,126728.38
20.90,89.56,962.15,126645.62
21.02,90.06,971.14,126576.64
21.13,90.65,981.98,126493.88
21.24,91.14,991.08,126424.90
21.35,91.64,1000.22,126342.12
21.47,92.23,1011.26,126273.16
21.57,92.73,1020.51,126190.38
21.69,93.32,1031.68,126121.41
21.79,93.82,1041.04,126038.63
21.91,94.42,1052.34,125955.88
22.03,95.01,1063.71,125886.89
22.13,95.51,1073.25,125817.93
22.23,96.01,1082.83,125735.15
22.35,96.61,1094.39,125666.18
22.45,97.11,1104.08,125597.21
22.55,97.71,1115.78,125514.44
22.67,98.22,1125.58,125445.46
22.77,98.72,1135.43,125362.70
22.89,99.32,1147.32,125293.72
22.99,99.93,1159.28,125210.95
23.10,100.43,1169.30,125141.98
23.20,100.94,1179.38,125073.01
23.31,101.45,1189.50,125004.02
23.41,101.95,1199.68,124935.05
23.51,102.56,1211.96,124852.28
23.62,103.07,1222.24,124783.31
23.73,103.57,1232.58,124714.33
23.83,104.18,1245.05,124631.56
23.95,104.69,1255.50,124562.59
24.05,105.30,1268.11,124479.82
24.17,105.81,1278.67,124410.84
24.27,106.31,1289.28,124328.08
24.40,106.93,1302.08,124259.11
24.50,107.44,1312.81,124176.33
24.62,108.05,1325.74,124107.37
24.72,108.66,1338.75,124024.59
24.84,109.18,1349.65,123941.83
24.96,109.79,1362.80,123872.85
25.06,110.31,1373.81,123790.07
25.18,110.92,1387.09,123707.31
25.30,111.54,1400.45,123638.33
25.40,112.06,1411.63,123569.36
25.50,112.58,1422.87,123500.39
25.60,113.20,1436.42,123417.62
25.72,113.72,1447.78,123348.64
25.82,114.34,1461.47,123265.88
25.94,114.86,1472.93,123196.91
26.04,115.37,1484.45,123114.14
26.15,116.00,1498.34,123045.16
26.25,116.51,1509.97,122976.19
26.36,117.03,1521.66,122907.22
26.46,117.55,1533.39,122824.45
26.58,118.28,1549.91,122741.67
26.70,118.80,1561.77,122672.70
26.80,119.33,1573.68,122603.73
26.90,119.95,1588.05,122520.95
27.02,120.48,1600.08,122451.98
27.12,121.11,1614.58,122369.21
27.24,121.63,1626.72,122286.45
27.36,122.27,1641.36,122203.67
27.47,122.90,1656.08,122134.70
27.58,123.43,1668.40,122065.73
27.68,123.95,1680.78,121996.75
27.79,124.48,1693.21,121927.77
27.89,125.01,1705.69,121845.01
28.01,125.64,1720.73,121776.03
28.11,126.17,1733.33,121707.05
28.21,126.81,1748.52,121624.29
28.33,127.34,1761.23,121555.32
28.43,127.97,1776.56,121472.55
28.54,128.50,1789.39,121403.57
28.65,129.04,1802.27,121334.60
28.75,129.57,1815.20,121265.63
28.85,130.10,1828.19,121196.66
28.95,130.74,1843.85,121113.89
29.07,131.28,1856.96,121044.91
29.17,131.82,1870.12,120962.14
29.29,132.46,1885.98,120893.16
29.39,133.00,1899.26,120810.40
29.51,133.75,1917.94,120727.62
29.62,134.29,1931.35,120658.64
29.73,134.83,1944.81,120589.67
29.83,135.36,1958.32,120520.71
29.93,136.01,1974.61,120437.92
30.04,136.55,1988.25,120368.96
30.15,137.09,2001.93,120299.99
30.25,137.74,2018.43,120217.21
30.36,138.28,2032.23,120148.24
30.47,138.82,2046.09,120079.27
30.57,139.37,2060.01,120010.30
30.67,139.91,2073.97,119941.32
30.77,140.57,2090.81,119858.55
30.89,141.11,2104.89,119775.78
31.02,141.77,2121.87,119706.80
31.12,142.43,2138.93,119624.03
31.24,142.98,2153.20,119555.06
31.34,143.53,2167.53,119486.09
31.45,144.07,2181.91,119403.32
31.56,144.73,2199.24,119334.34
31.66,145.28,2213.75,119251.57
31.78,145.94,2231.22,119182.60
31.89,146.60,2248.78,119099.84
32.00,147.15,2263.47,119017.06
32.13,147.92,2284.13,118934.30
32.24,148.59,2301.92,118851.52
32.36,149.14,2316.80,118782.55
32.46,149.70,2331.75,118713.58
32.57,150.37,2349.75,118630.82
32.68,150.92,2364.82,118561.84
32.78,151.48,2379.94,118479.06
32.90,152.15,2398.15,118396.30
33.02,152.82,2416.45,118313.53
33.14,153.49,2434.83,118230.77
33.26,154.16,2453.28,118147.98
33.38,154.83,2471.82,118065.21
33.50,155.51,2490.44,117982.45
33.62,156.29,2512.26,117899.69
33.74,156.85,2527.91,117830.70
33.85,157.53,2546.77,117747.93
33.96,158.10,2562.55,117678.97
34.06,158.66,2578.38,117609.99
34.16,159.23,2594.28,117541.02
34.27,159.68,2607.03,117485.84
34.37,160.25,2623.02,117403.07
34.50,160.93,2642.28,117320.30
34.61,161.61,2661.63,117237.52
34.73,162.29,2681.05,117168.55
34.83,162.86,2697.30,117099.59
34.94,163.43,2713.61,117016.80
35.05,164.11,2733.25,116947.84
35.16,164.68,2749.68,116865.07
35.27,165.37,2769.47,116782.30
35.39,166.06,2789.35,116713.32
35.49,166.64,2805.97,116630.55
35.61,167.33,2826.00,116547.79
35.73,168.02,2846.10,116465.02
35.86,168.83,2869.66,116382.25
35.97,169.40,2886.56,116299.48
36.09,170.09,2906.91,116230.51
36.19,170.67,2923.94,116161.53
36.30,171.25,2941.02,116078.76
36.41,171.95,2961.59,116009.79
36.52,172.53,2978.80,115927.02
36.64,173.23,2999.52,115844.25
36.75,173.93,3020.33,115775.27
36.86,174.51,3037.73,115692.51
36.98,175.33,3062.19,115609.74
37.09,175.92,3079.74,115540.77
37.19,176.50,3097.34,115457.99
37.32,177.20,3118.53,115375.23
37.44,178.03,3143.37,115292.45
37.55,178.61,3161.17,115209.69
37.68,179.32,3182.62,115126.92
37.80,180.03,3204.15,115044.14
37.92,180.74,3225.76,114961.38
38.04,181.45,3247.46,114878.61
38.16,182.16,3269.24,114809.64
38.26,182.75,3287.46,114726.88
38.38,183.47,3309.39,114644.09
38.50,184.18,3331.41,114561.33
38.63,184.90,3353.52,114478.56
38.74,185.61,3375.71,114409.59
38.85,186.21,3394.26,114326.82
38.97,186.93,3416.61,114244.05
39.08,187.64,3439.03,114175.08
39.19,188.25,3457.79,114092.30
39.31,188.97,3480.37,114009.53
39.43,189.69,3503.04,113926.77
39.55,190.41,3525.80,113844.00
39.66,191.14,3548.64,113761.23
39.78,191.86,3571.56,113678.46
39.90,192.59,3594.58,113609.48
40.00,193.19,3613.82,113526.72
40.12,193.92,3636.98,113457.74
40.22,194.53,3656.35,113374.98
40.34,195.26,3679.68,113306.00
40.44,195.87,3699.18,113237.02
40.55,196.48,3718.74,113154.26
40.66,197.21,3742.30,113085.27
40.77,197.83,3761.99,113016.30
40.87,198.56,3785.70,112933.53
40.98,199.06,3801.56,112864.56
41.10,199.92,3829.40,112781.78
41.22,200.53,3849.36,112699.02
41.34,201.27,3873.39,112616.25
41.45,202.01,3897.50,112547.28
41.56,202.75,3921.70,112464.51
41.68,203.37,3941.94,112381.73
41.80,204.12,3966.30,112298.97
41.92,204.86,3990.75,112216.20
42.03,205.61,4015.29,112147.23
42.14,206.23,4035.80,112064.45
42.25,206.98,4060.50,111995.48
42.36,207.61,4081.15,111912.72
42.47,208.36,4106.00,111843.74
42.58,208.98,4126.78,111760.98
42.70,209.86,4155.98,111678.20
42.82,210.49,4176.91,111595.44
42.94,211.25,4202.10,111512.66
43.05,212.00,4227.38,111443.69
43.16,212.63,4248.52,111360.93
43.27,213.39,4273.96,111278.16
43.39,214.15,4299.49,111209.18
43.49,214.78,4320.84,111126.41
43.61,215.55,4346.53,111057.44
43.71,216.18,4368.01,110988.47
43.82,216.82,4389.55,110905.70
43.93,217.58,4415.48,110822.92
44.05,218.35,4441.49,110753.95
44.15,218.99,4463.24,110684.98
44.25,219.64,4485.06,110616.00
44.37,220.28,4506.93,110533.23
44.49,221.05,4533.26,110450.46
44.61,221.82,4559.68,110367.70
44.73,222.60,4586.19,110298.72
44.83,223.24,4608.35,110215.95
44.95,224.02,4635.02,110133.18
45.07,224.80,4661.79,110050.41
45.19,225.58,4688.64,109981.44
45.29,226.23,4711.09,109912.47
45.40,226.88,4733.60,109829.70
45.52,227.66,4760.69,109746.93
45.63,228.44,4787.87,109664.16
45.76,229.23,4815.15,109581.38
45.88,230.01,4842.51,109498.62
46.00,230.93,4874.55,109415.85
46.12,231.59,4897.51,109333.08
46.23,232.38,4925.14,109250.31
46.35,233.17,4952.87,109181.34
46.46,233.96,4980.69,109098.57
46.57,234.63,5003.94,109015.80
46.69,235.42,5031.92,108933.03
46.81,236.22,5060.00,108850.26
46.93,237.02,5088.16,108767.48
47.05,237.82,5116.42,108684.73
47.17,238.62,5144.77,108601.95
47.29,239.42,5173.21,108519.18
47.42,240.22,5201.74,108436.41
47.53,241.03,5230.36,108353.65
47.66,241.83,5259.08,108284.67
47.76,242.50,5283.08,108215.70
47.87,243.18,5307.14,108132.93
47.99,243.98,5336.10,108063.95
48.09,244.79,5365.15,107981.19
48.21,245.47,5389.43,107898.41
48.33,246.29,5418.66,107815.65
48.45,247.10,5447.97,107732.88
48.57,247.92,5477.38,107650.11
48.69,248.74,5506.87,107567.34
48.81,249.56,5536.47,107484.57
48.94,250.52,5571.11,107401.80
49.06,251.20,5595.93,107319.03
49.17,252.03,5625.80,107250.06
49.28,252.72,5650.76,107167.29
49.39,253.55,5680.80,107098.31
49.50,254.24,5705.91,107015.55
49.61,255.07,5736.12,106946.57
49.71,255.76,5761.37,106863.80
49.83,256.59,5791.75,106781.03
49.96,257.42,5822.23,106698.27
50.07,258.26,5852.80,106629.29
50.17,258.96,5878.35,106546.52
50.29,259.79,5909.09,106463.75
50.41,260.63,5939.93,106380.98
50.53,261.47,5970.86,106298.21
50.65,262.31,6001.89,106215.45
50.77,263.16,6033.00,106146.47
50.88,264.00,6064.22,106063.70
50.99,264.71,6090.30,105994.73
51.11,265.42,6116.45,105911.96
51.22,266.27,6147.91,105842.98
51.33,266.98,6174.21,105760.21
51.45,267.83,6205.85,105677.45
51.57,268.69,6237.58,105594.68
51.69,269.54,6269.41,105511.91
51.81,270.40,6301.33,105429.13
51.93,271.27,6333.35,105346.37
52.05,272.13,6365.47,105263.60
52.17,272.99,6397.68,105180.84
52.29,273.86,6429.99,105098.06
52.40,274.72,6462.39,105029.09
52.51,275.44,6489.46,104946.32
52.63,276.31,6522.04,104863.55
52.75,277.18,6554.71,104780.78
52.87,278.04,6587.48,104698.01
52.98,278.91,6620.35,104629.04
53.09,279.63,6647.80,104546.27
53.21,280.50,6680.84,104463.50
53.32,281.36,6713.98,104394.52
53.43,282.08,6741.66,104311.76
53.55,282.94,6774.97,104228.98
53.66,283.80,6808.37,104160.02
53.77,284.52,6836.27,104077.24
53.89,285.37,6869.84,104008.27
53.99,286.08,6897.89,103939.30
54.09,286.79,6926.00,103856.52
54.21,287.64,6959.82,103787.55
54.32,288.35,6988.07,103718.58
54.42,289.05,7016.39,103649.60
54.53,289.75,7044.77,103566.84
54.65,290.59,7078.91,103484.07
54.77,291.43,7113.13,103401.30
54.89,292.27,7147.45,103318.53
55.01,293.10,7181.86,103235.76
55.13,293.93,7216.36,103152.99
55.25,294.76,7250.94,103070.22
55.36,295.59,7285.62,103001.24
55.47,296.28,7314.58,102932.27
55.57,296.97,7343.60,102849.50
55.68,297.80,7378.51,102780.53
55.79,298.48,7407.67,102697.76
55.90,299.30,7442.74,102628.78
56.01,299.99,7472.04,102546.02
56.13,300.94,7513.14,102463.25
56.25,301.76,7548.47,102380.48
56.37,302.44,7577.98,102297.70
56.49,303.26,7613.47,102214.94
56.61,304.08,7649.05,102132.17
56.74,305.03,7690.66,102049.41
56.84,305.71,7720.45,101980.42
56.95,306.52,7756.29,101897.65
57.07,307.20,7786.21,101828.68
57.17,307.88,7816.19,101745.91
57.29,308.70,7852.25,101663.15
57.41,309.51,7888.40,101580.38
57.53,310.32,7924.63,101497.61
57.66,311.14,7960.94,101428.63
57.76,311.82,7991.26,101359.66
57.86,312.50,8021.65,101276.89
57.99,313.45,8064.28,101194.12
58.10,314.13,8094.81,101111.35
58.22,314.95,8131.51,101028.59
58.34,315.77,8168.30,100959.60
58.45,316.45,8199.03,100876.84
58.57,317.27,8235.97,100794.07
58.69,318.10,8273.00,100711.30
58.81,318.92,8310.11,100628.53
58.93,319.75,8347.31,100545.76
59.04,320.58,8384.60,100462.99
59.16,321.41,8421.97,100394.02
59.26,322.11,8453.17,100311.25
59.38,322.94,8490.69,100228.48
59.50,323.91,8534.58,100145.71
59.62,324.61,8566.00,100062.95
59.74,325.45,8603.77,99980.18
59.86,326.29,8641.64,99897.41
59.98,327.14,8679.59,99814.63
60.10,327.98,8717.62,99731.87
60.22,328.83,8755.74,99649.09
60.34,329.67,8793.94,99566.34
60.46,330.52,8832.23,99483.56
60.58,331.37,8870.61,99400.79
60.71,332.23,8909.07,99318.02
60.83,333.08,8947.61,99235.25
60.95,333.80,8979.80,99166.28
61.06,334.80,9024.96,99083.51
61.17,335.52,9057.29,99014.53
61.28,336.39,9096.16,98931.77
61.39,337.12,9128.62,98848.99
61.51,337.99,9167.65,98780.02
61.62,338.87,9206.77,98697.26
61.73,339.60,9239.44,98628.28
61.84,340.34,9272.16,98545.52
61.95,341.22,9311.51,98476.53
62.05,341.96,9344.37,98393.77
62.17,342.85,9383.89,98324.79
62.27,343.60,9416.88,98255.81
62.38,344.49,9456.55,98173.05
62.50,345.39,9496.31,98090.28
62.61,346.14,9529.51,98007.51
62.73,347.05,9569.43,97938.54
62.84,347.95,9609.44,97855.77
62.95,348.71,9642.85,97772.99
63.07,349.63,9683.02,97690.23
63.19,350.54,9723.27,97607.46
63.31,351.47,9763.62,97538.48
63.42,352.24,9797.31,97455.71
63.53,353.17,9837.83,97372.95
63.65,354.10,9878.43,97303.98
63.76,355.04,9919.12,97221.20
63.88,355.98,9959.90,97138.43
63.99,356.77,9993.96,97055.66
64.11,357.72,10034.91,96986.69
64.21,358.52,10069.10,96917.72
64.33,359.31,10103.36,96834.95
64.47,360.44,10151.43,96738.38
64.59,361.40,10192.73,96669.41
64.70,362.38,10234.12,96586.65
64.81,363.35,10275.61,96503.88
64.93,364.17,10310.25,96421.10
65.05,365.15,10351.91,96338.33
65.17,366.14,10393.66,96255.56
65.29,367.13,10435.51,96172.80
65.41,368.13,10477.45,96103.82
65.51,368.97,10512.47,96021.05
65.63,370.14,10561.61,95938.28
65.75,370.98,10596.79,95855.52
65.87,372.00,10639.09,95772.74
66.00,373.02,10681.50,95689.98
66.11,374.04,10723.99,95621.00
66.21,374.89,10759.48,95552.03
66.31,375.75,10795.03,95469.26
66.43,376.78,10837.78,95386.48
66.55,377.81,10880.63,95303.72
66.67,378.85,10923.57,95220.95
66.79,379.90,10966.61,95151.98
66.90,380.77,11002.55,95069.20
67.01,382.01,11052.99,94986.44
67.13,382.89,11089.09,94903.67
67.25,383.96,11132.50,94834.69
67.36,385.03,11176.02,94751.92
67.47,385.93,11212.35,94682.95
67.57,386.65,11241.47,94613.98
67.68,387.73,11285.24,94545.01
67.79,388.64,11321.78,94462.23
67.90,389.73,11365.73,94393.27
68.01,390.65,11402.43,94310.49
68.12,391.75,11446.56,94241.52
68.23,392.67,11483.41,94158.75
68.35,393.77,11527.73,94075.98
68.47,395.07,11579.56,93993.21
68.59,396.00,11616.66,93910.44
68.71,397.13,11661.28,93827.67
68.83,398.26,11706.00,93744.90
68.94,399.39,11750.83,93675.93
69.05,400.53,11795.75,93593.16
69.17,401.48,11833.27,93510.39
69.29,402.63,11878.39,93427.62
69.40,403.79,11923.61,93358.65
69.51,404.76,11961.37,93275.88
69.63,405.93,12006.78,93193.11
69.75,407.29,12059.89,93110.34
69.87,408.28,12097.92,93027.57
69.99,409.46,12143.65,92944.80
70.11,410.65,12189.48,92862.03
70.23,412.04,12243.09,92779.26
70.35,413.24,12289.15,92696.49
70.47,414.24,12327.62,92613.73
70.59,415.45,12373.88,92530.96
70.72,416.86,12427.99,92448.19
70.83,417.88,12466.73,92379.21
70.93,418.69,12497.77,92310.23
71.06,419.92,12544.43,92241.27
71.16,420.94,12583.39,92158.49
71.29,422.38,12638.06,92075.73
71.40,423.42,12677.20,91992.95
71.52,424.88,12732.13,91910.19
71.64,425.92,12771.45,91841.21
71.74,426.96,12810.85,91772.24
71.85,428.02,12850.33,91703.27
71.96,429.07,12889.88,91620.49
72.08,430.34,12937.44,91537.73
72.20,431.62,12985.12,91468.75
72.30,432.69,13024.93,91385.98
72.42,433.98,13072.81,91317.01
72.52,435.27,13120.80,91234.23
72.64,436.36,13160.88,91151.47
72.76,437.66,13209.07,91068.70
72.87,438.97,13257.38,90985.93
72.99,440.28,13305.80,90903.16
73.11,441.60,13354.33,90820.39
73.23,442.93,13402.98,90737.62
73.35,444.26,13451.74,90654.86
73.47,445.59,13500.61,90572.09
73.60,446.93,13549.59,90489.32
73.72,448.28,13598.69,90406.55
73.84,449.63,13647.90,90337.58
73.94,450.76,13688.99,90268.60
74.06,451.90,13730.17,90199.62
74.16,453.04,13771.43,90116.86
74.27,454.42,13821.04,90047.88
74.38,455.57,13862.47,89965.11
74.50,457.19,13920.61,89882.34
74.61,458.35,13962.24,89813.37
74.72,459.52,14003.94,89730.60
74.83,460.92,14054.10,89661.62
74.94,462.33,14104.37,89578.86
75.06,463.51,14146.36,89496.09
75.17,464.93,14196.85,89427.12
75.28,466.12,14239.01,89344.34
75.39,467.55,14289.71,89275.37
75.50,468.98,14340.53,89192.60
75.62,470.19,14382.97,89123.62
75.72,471.39,14425.50,89040.86
75.84,472.84,14476.63,88958.09
75.96,474.30,14527.89,88875.32
76.08,475.77,14579.26,88806.34
76.18,477.00,14622.16,88723.58
76.30,478.47,14673.76,88654.60
76.40,479.71,14716.84,88571.84
76.52,480.95,14760.01,88502.86
76.63,482.45,14811.93,88433.88
76.73,483.70,14855.29,88351.12
76.85,485.21,14907.43,88282.14
76.96,486.47,14950.97,88199.38
77.08,487.98,15003.33,88116.61
77.20,489.51,15055.81,88033.84
77.32,491.03,15108.42,87951.06
77.44,492.57,15161.14,87868.30
77.56,494.11,15213.99,87799.32
77.67,495.40,15258.12,87716.55
77.79,497.21,15320.05,87633.79
77.90,498.51,15364.39,87564.80
78.01,499.82,15408.81,87495.84
78.12,501.13,15453.32,87426.86
78.22,502.44,15497.92,87344.09
78.34,504.03,15551.55,87275.12
78.44,505.35,15596.34,87192.35
78.55,506.94,15650.20,87123.38
78.66,508.27,15695.17,87040.60
78.78,509.88,15749.26,86957.84
78.90,511.49,15803.47,86875.06
79.02,513.10,15857.81,86806.09
79.12,514.73,15912.27,86723.32
79.24,516.08,15957.75,86640.55
79.36,517.71,16012.44,86557.79
79.48,519.35,16067.25,86488.81
79.58,521.00,16122.19,86406.05
79.70,522.66,16177.26,86323.27
79.82,524.04,16223.24,86240.51
79.94,525.70,16278.54,86171.53
80.04,527.10,16324.72,86088.77
80.16,528.78,16380.26,86019.79
80.26,530.46,16435.92,85937.02
80.38,532.15,16491.71,85854.24
80.49,533.56,16538.29,85785.27
80.60,534.98,16584.97,85716.30
80.70,536.40,16631.74,85647.32
80.82,537.82,16678.59,85578.35
80.92,539.53,16734.93,85495.58
81.04,540.96,16781.98,85412.81
81.15,542.69,16838.56,85330.05
81.27,544.42,16895.26,85261.07
81.38,545.86,16942.61,85178.30
81.49,547.60,16999.54,85109.33
81.60,549.05,17047.08,85026.55
81.71,550.81,17104.25,84957.59
81.82,552.27,17151.99,84874.81
81.93,554.04,17209.40,84792.05
82.05,555.80,17266.93,84723.07
82.16,557.28,17314.97,84640.30
82.28,559.06,17372.74,84557.53
82.39,560.85,17430.64,84488.56
82.50,562.34,17478.99,84419.59
82.60,564.13,17537.12,84336.81
82.72,565.93,17595.38,84254.05
82.83,567.44,17644.03,84185.07
82.93,568.95,17692.77,84116.09
83.04,570.46,17741.59,84033.33
83.15,572.28,17800.31,83950.56
83.27,574.11,17859.15,83867.79
83.39,575.94,17918.12,83785.02
83.51,577.78,17977.22,83702.26
83.63,579.62,18036.45,83633.28
83.74,581.16,18085.90,83564.30
83.85,582.70,18135.44,83495.33
83.95,584.56,18195.02,83412.56
84.07,586.11,18244.76,83343.59
84.17,587.66,18294.58,83274.61
84.27,589.52,18354.49,83191.84
84.39,591.09,18404.51,83122.87
84.49,592.65,18454.62,83040.10
84.61,594.53,18514.87,82957.33
84.73,596.41,18575.25,82888.35
84.83,598.31,18635.75,82805.59
84.95,599.89,18686.27,82736.61
85.05,601.47,18736.87,82667.64
85.15,603.37,18797.71,82584.88
85.29,605.28,18858.68,82502.10
85.39,606.88,18909.58,82419.33
85.51,608.80,18970.78,82350.35
85.61,610.41,19021.88,82267.59
85.73,612.34,19083.31,82184.82
85.85,614.27,19144.87,82102.05
85.97,616.22,19206.56,82019.28
86.09,618.16,19268.37,81950.30
86.19,619.79,19319.98,81881.34
86.29,621.74,19382.03,81798.56
86.41,623.38,19433.83,81715.80
86.53,625.34,19496.11,81646.82
86.63,626.97,19548.11,81564.05
86.75,628.61,19600.19,81508.88
86.86,630.59,19662.80,81426.10
86.97,632.23,19715.07,81357.12
87.07,633.88,19767.42,81288.16
87.18,635.87,19830.36,81205.38
87.29,637.53,19882.90,81136.41
87.40,639.20,19935.53,81053.64
87.51,641.20,19998.80,80984.66
87.62,643.20,20062.20,80901.90
87.73,644.88,20115.12,80832.92
87.84,646.56,20168.13,80750.16
87.95,648.58,20231.85,80681.18
88.05,650.27,20285.05,80598.41
88.18,652.30,20349.00,80515.64
88.30,654.34,20413.07,80446.67
88.40,656.04,20466.56,80363.90
88.52,658.08,20530.85,80281.13
88.64,660.48,20606.02,80198.36
88.76,662.53,20670.58,80115.59
88.87,664.25,20724.48,80046.62
88.98,665.97,20778.46,79963.85
89.09,668.05,20843.34,79894.88
89.19,669.78,20897.51,79812.11
89.31,671.85,20962.62,79743.13
89.42,673.59,21016.97,79660.37
89.53,675.68,21082.30,79591.39
89.64,677.42,21136.84,79522.41
89.75,679.17,21191.46,79453.44
89.87,681.61,21268.06,79356.88
89.99,683.37,21322.87,79274.10
90.11,685.48,21388.76,79205.13
90.21,687.24,21443.75,79136.16
90.31,689.01,21498.83,79067.19
90.41,691.14,21565.03,78984.41
90.53,692.92,21620.29,78915.44
90.63,694.70,21675.63,78832.67
90.74,696.84,21742.15,78763.70
90.85,698.63,21797.68,78680.93
90.97,700.78,21864.41,78611.95
91.07,702.57,21920.11,78529.19
91.19,704.73,21987.06,78460.21
91.29,706.53,22042.94,78377.44
91.41,708.70,22110.10,78308.47
91.51,710.51,22166.16,78225.70
91.63,712.69,22233.53,78142.93
91.75,714.88,22301.02,78073.95
91.85,716.71,22357.35,77991.19
91.97,718.90,22425.05,77922.21
92.07,720.73,22481.55,77839.45
92.19,722.93,22549.46,77770.47
92.29,724.77,22606.14,77701.49
92.41,726.98,22674.26,77618.73
92.53,728.83,22731.11,77549.75
92.63,731.05,22799.43,77466.98
92.75,732.91,22856.45,77384.21
92.87,735.14,22924.98,77315.24
92.97,737.01,22982.18,77232.47
93.08,739.25,23050.91,77163.49
93.19,741.13,23108.28,77080.73
93.31,743.38,23177.22,77011.75
93.41,745.25,23234.76,76942.77
93.51,747.52,23303.90,76860.01
93.62,749.41,23361.60,76791.03
93.73,751.30,23419.38,76708.27
93.85,753.57,23488.82,76639.29
93.95,755.47,23546.76,76570.31
94.05,757.76,23616.40,76487.55
94.17,759.66,23674.51,76404.78
94.29,761.96,23744.34,76322.01
94.40,764.27,23814.28,76253.03
94.51,766.57,23884.33,76170.27
94.63,768.50,23942.79,76101.29
94.74,770.81,24013.03,76018.52
94.85,772.75,24071.65,75935.76
94.97,775.07,24142.09,75866.78
95.07,777.01,24200.87,75797.80
95.18,778.57,24247.94,75728.83
95.30,780.12,24295.06,75687.45
95.40,782.08,24354.03,75618.47
95.51,784.03,24413.07,75549.50
95.62,785.99,24472.18,75480.52
95.72,787.95,24531.36,75411.55
95.83,789.92,24590.61,75342.58
95.94,791.89,24649.94,75273.60
96.05,793.87,24709.34,75190.83
96.18,796.24,24780.71,75121.85
96.28,798.23,24840.27,75052.88
96.39,800.22,24899.89,74983.91
96.50,802.21,24959.59,74914.93
96.62,804.60,25031.32,74832.16
96.73,806.60,25091.17,74763.19
96.84,808.60,25151.09,74694.22
96.96,810.60,25211.08,74625.24
97.06,812.61,25271.14,74556.27
97.18,814.62,25331.26,74487.30
97.29,816.64,25391.46,74418.32
97.40,818.66,25451.72,74335.55
97.55,821.49,25536.19,74252.78
97.66,823.52,25596.61,74183.80
97.76,825.55,25657.10,74114.84
97.88,827.59,25717.66,74045.86
97.98,829.63,25778.28,73976.88
98.10,831.67,25838.96,73907.91
98.21,833.72,25899.72,73838.94
98.33,835.78,25960.54,73769.96
98.43,837.01,25997.06,73714.78
98.55,839.48,26070.18,73645.80
98.66,841.54,26131.18,73576.84
98.76,843.61,26192.25,73507.86
98.90,846.09,26265.61,73425.09
99.01,848.16,26326.82,73356.12
99.11,850.23,26388.08,73287.14
99.23,852.31,26449.41,73218.16
99.33,854.39,26510.80,73149.20
99.44,856.48,26572.25,73080.22
99.55,858.58,26633.77,73011.24
99.67,860.67,26695.35,72928.48
99.81,863.61,26781.66,72845.70
99.92,865.71,26843.38,72776.73
100.02,867.83,26905.16,72707.76
100.14,869.52,26954.63,72638.78
100.25,872.06,27028.91,72569.81
100.36,874.18,27090.88,72500.84
100.47,876.31,27152.90,72431.86
100.58,878.44,27214.99,72362.89
100.68,880.57,27277.13,72293.91
100.80,882.71,27339.33,72224.94
100.91,884.85,27401.60,72155.97
101.02,886.99,27463.92,72086.99
101.12,889.13,27526.29,72018.02
101.24,891.27,27588.72,71949.05
101.34,893.43,27651.20,71880.07
101.45,895.58,27713.75,71811.09
101.55,897.74,27776.34,71742.12
101.67,899.47,27826.46,71686.94
101.78,901.64,27889.15,71617.97
101.88,903.81,27951.90,71548.99
102.01,906.42,28027.27,71466.22
102.13,908.60,28090.14,71383.45
102.25,911.23,28165.65,71314.48
102.36,913.41,28228.64,71245.50
102.48,916.04,28304.29,71162.73
102.59,918.24,28367.39,71079.97
102.72,920.88,28443.18,71010.99
102.82,923.08,28506.39,70942.02
102.95,925.73,28582.31,70859.25
103.07,927.94,28645.64,70790.27
103.17,930.16,28709.01,70721.30
103.28,932.38,28772.44,70652.33
103.39,934.61,28835.91,70583.35
103.50,936.84,28899.44,70514.38
103.61,939.08,28963.01,70445.41
103.72,941.31,29026.64,70376.43
103.82,943.55,29090.31,70307.45
103.94,945.80,29154.03,70238.48
104.04,948.05,29217.80,70169.51
104.16,950.30,29281.62,70100.53
104.27,952.54,29345.48,70031.55
104.38,954.80,29409.38,69962.59
104.49,957.06,29473.33,69893.61
104.60,959.32,29537.32,69824.63
104.71,960.68,29575.74,69769.45
104.83,962.94,29639.80,69700.48
104.95,965.22,29703.91,69631.51
105.07,967.50,29768.06,69562.53
105.19,969.78,29832.25,69507.35
105.31,972.07,29896.48,69438.38
105.42,974.36,29960.76,69369.41
105.54,976.19,30012.21,69300.43
105.65,978.95,30089.44,69231.46
105.77,981.25,30153.84,69162.48
105.88,983.56,30218.28,69093.51
106.00,985.40,30269.87,69024.53
106.12,987.70,30334.38,68955.56
106.24,990.47,30411.84,68886.59
106.35,992.33,30463.51,68817.61
106.47,994.65,30528.14,68748.64
106.59,996.97,30592.80,68679.66
106.71,999.77,30670.44,68610.69
106.82,1001.64,30722.23,68541.72
106.94,1003.97,30787.01,68472.74
107.05,1006.78,30864.78,68403.77
107.17,1008.66,30916.66,68334.79
107.28,1011.48,30994.52,68265.82
107.40,1013.83,31059.44,68196.84
107.50,1016.18,31124.40,68127.87
107.62,1018.06,31176.39,68058.89
107.73,1020.43,31241.40,67989.92
107.85,1022.79,31306.44,67920.95
107.97,1025.63,31384.54,67851.97
108.08,1028.01,31449.65,67783.00
108.19,1030.39,31514.80,67714.02
108.31,1032.77,31579.98,67645.05
108.42,1035.15,31645.18,67576.07
108.54,1037.06,31697.37,67507.10
108.65,1039.45,31762.63,67451.92
108.76,1041.85,31827.92,67382.95
108.88,1044.24,31893.23,67313.97
108.99,1046.17,31945.51,67245.00
109.11,1048.57,32010.87,67176.02
109.23,1050.97,32076.26,67107.05
109.35,1053.85,32154.77,67038.08
109.46,1056.27,32220.21,66969.10
109.58,1058.68,32285.68,66900.12
109.69,1060.62,32338.07,66831.16
109.81,1063.52,32416.68,66762.18
109.92,1065.96,32482.22,66693.20
110.03,1068.39,32547.78,66624.23
110.13,1070.83,32613.36,66555.26
110.25,1072.78,32665.84,66500.08
110.36,1074.74,32718.34,66431.10
110.48,1077.68,32797.11,66362.12
110.59,1080.13,32862.78,66293.16
110.71,1082.58,32928.46,66224.18
110.83,1084.54,32981.02,66155.20
110.94,1087.01,33046.74,66100.02
111.05,1088.48,33086.18,66044.84
111.17,1091.44,33165.07,65975.88
111.29,1093.90,33230.84,65906.90
111.40,1096.38,33296.62,65837.92
111.51,1098.86,33362.41,65768.95
111.62,1101.34,33428.23,65699.98
111.73,1103.33,33480.89,65644.80
111.84,1105.32,33533.56,65589.62
111.94,1107.32,33586.24,65534.44
112.05,1109.31,33638.93,65479.26
112.16,1110.81,33678.45,65424.08
112.30,1113.81,33757.51,65355.11
112.40,1115.81,33810.23,65286.13
112.53,1118.32,33876.13,65217.16
112.64,1121.33,33955.23,65148.18
112.76,1123.34,34007.97,65079.21
112.87,1125.85,34073.91,65010.23
113.01,1128.87,34153.05,64941.26
113.12,1131.40,34219.00,64872.29
113.24,1133.42,34271.77,64803.31
113.36,1135.95,34337.74,64734.34
113.48,1138.99,34416.91,64665.36
113.58,1141.53,34482.90,64596.39
113.70,1143.56,34535.69,64527.41
113.82,1146.10,34601.68,64458.44
113.95,1148.64,34667.68,64403.26
114.05,1150.68,34720.48,64334.29
114.18,1153.75,34799.68,64265.31
114.30,1155.79,34852.48,64210.13
114.41,1157.84,34905.29,64154.95
114.52,1160.40,34971.29,64085.98
114.63,1162.97,35037.30,64017.00
114.75,1165.03,35090.11,63948.03
114.86,1168.12,35169.33,63879.05
114.97,1170.70,35235.34,63810.08
115.08,1173.29,35301.35,63741.11
115.20,1175.36,35354.15,63685.93
115.30,1177.43,35406.96,63630.75
115.41,1179.50,35459.76,63561.77
115.53,1181.58,35512.57,63520.39
115.64,1183.66,35565.37,63451.41
115.75,1186.26,35631.36,63382.44
115.87,1189.38,35710.55,63313.46
115.99,1190.95,35750.15,63258.29
116.10,1193.55,35816.13,63203.11
116.22,1195.64,35868.91,63147.93
116.33,1198.25,35934.87,63078.95
116.44,1200.35,35987.64,63023.77
116.55,1202.44,36040.40,62968.59
116.66,1204.54,36093.16,62913.42
116.76,1207.16,36159.09,62844.44
116.87,1209.27,36211.83,62775.47
117.00,1211.90,36277.75,62720.29
117.10,1214.01,36330.47,62665.11
117.21,1216.65,36396.37,62596.13
117.32,1219.30,36462.25,62527.16
117.44,1221.95,36528.12,62458.18
117.55,1224.60,36593.98,62389.21
117.66,1227.26,36659.82,62320.24
117.77,1229.92,36725.65,62251.26
117.88,1232.58,36791.46,62182.29
118.00,1235.25,36857.26,62113.31
118.11,1237.93,36923.04,62044.34
118.22,1240.06,36975.66,61989.16
118.32,1242.20,37028.26,61933.98
118.43,1244.34,37080.85,61878.80
118.53,1246.49,37133.43,61809.83
118.65,1249.18,37199.13,61740.85
118.77,1251.32,37251.68,61685.68
118.89,1254.00,37317.35,61630.50
119.00,1255.62,37356.74,61575.32
119.11,1258.86,37435.49,61506.34
119.22,1261.55,37501.09,61437.37
119.33,1264.25,37566.67,61368.39
119.45,1266.41,37619.11,61313.21
119.55,1268.58,37671.54,61258.04
119.65,1270.74,37723.95,61202.86
119.76,1272.91,37776.35,61133.88
119.88,1276.17,37854.90,61064.91
119.99,1278.35,37907.25,60995.93
120.11,1281.07,37972.67,60940.75
120.21,1283.25,38024.98,60885.57
120.32,1285.99,38090.34,60816.60
120.44,1288.73,38155.67,60747.62
120.54,1291.46,38220.97,60678.65
120.65,1293.66,38273.19,60623.47
120.76,1295.86,38325.39,60568.29
120.87,1298.06,38377.56,60513.11
120.97,1300.26,38429.72,60457.93
121.08,1302.46,38481.86,60388.96
121.20,1305.75,38560.02,60319.98
121.32,1308.51,38625.11,60251.01
121.43,1310.73,38677.16,60195.83
121.54,1312.94,38729.19,60140.65
121.65,1315.15,38781.20,60095.70
121.76,1314.94,38833.16,60095.70
122.79,1317.35,39364.16,30642.03
122.91,1317.61,39415.71,30633.19
123.02,1318.00,39492.97,30624.36
123.13,1318.33,39557.29,30615.52
123.24,1318.72,39634.39,30604.91
123.36,1319.11,39711.42,30594.31
123.48,1319.44,39775.55,30585.47
123.59,1319.83,39852.42,30574.87
123.70,1320.23,39929.22,30564.26
123.82,1320.62,40005.93,30553.66
123.93,1320.95,40069.80,30544.82
124.04,1321.28,40133.61,30535.98
124.14,1321.61,40197.36,30527.14
124.24,1322.00,40273.78,30516.54
124.35,1322.33,40337.41,30507.70
124.46,1322.65,40400.97,30498.86
124.56,1322.98,40464.48,30488.26
124.68,1323.38,40540.61,30479.42
124.78,1323.70,40603.99,30470.58
124.88,1324.03,40667.31,30461.75
124.99,1324.36,40730.57,30452.91
125.10,1324.62,40781.13,30445.84
125.20,1324.89,40831.66,30437.00
125.33,1325.28,40907.38,30428.16
125.44,1325.61,40970.41,30419.33
125.55,1326.01,41045.98,30408.72
125.66,1326.41,41121.45,30398.12
125.77,1326.75,41184.29,30389.28
125.88,1327.15,41259.61,30378.67
125.99,1327.49,41322.32,30369.84
126.09,1327.83,41384.96,30361.00
126.21,1328.17,41447.55,30352.16
126.31,1328.51,41510.08,30343.32
126.42,1328.92,41585.04,30332.72
126.52,1329.27,41647.44,30323.88
126.63,1329.68,41722.24,30313.28
126.75,1330.10,41796.96,30302.67
126.87,1330.44,41859.16,30292.07
126.98,1330.86,41933.73,30283.23
127.09,1331.28,42008.21,30272.62
127.20,1331.63,42070.22,30263.79
127.31,1331.98,42132.17,30254.95
127.41,1332.34,42194.06,30246.11
127.52,1332.69,42255.89,30235.51
127.64,1333.12,42330.01,30226.67
127.74,1333.47,42391.71,30217.83
127.84,1333.83,42453.36,30208.99
127.95,1334.26,42527.26,30198.39
128.06,1334.62,42588.78,30189.55
128.16,1334.98,42650.24,30180.71
128.26,1335.41,42723.92,30170.11
128.38,1335.77,42785.26,30159.50
128.50,1336.21,42858.79,30148.90
128.62,1336.65,42932.23,30140.06
128.72,1337.01,42993.37,30131.22
128.82,1337.38,43054.46,30122.38
128.93,1337.82,43127.68,30111.78
129.04,1338.19,43188.64,30102.94
129.14,1338.56,43249.54,30094.10
129.24,1338.93,43310.38,30085.27
129.34,1339.31,43371.17,30076.43
129.44,1339.68,43431.90,30067.59
129.55,1340.05,43492.58,30058.75
129.65,1340.50,43565.31,30048.15
129.76,1340.88,43625.86,30039.31
129.86,1341.26,43686.35,30028.71
129.98,1341.71,43758.86,30018.10
130.10,1342.17,43831.30,30009.26
130.20,1342.55,43891.60,30000.43
130.30,1342.93,43951.84,29991.59
130.41,1343.39,44024.06,29980.98
130.52,1343.78,44084.18,29972.15
130.63,1344.16,44144.24,29961.54
130.75,1344.62,44216.24,29950.94
130.87,1345.09,44288.16,29942.10
130.97,1345.55,44360.00,29931.49
131.08,1345.94,44419.80,29922.66
131.19,1346.34,44479.55,29913.82
131.29,1346.73,44539.24,29903.21
131.41,1347.20,44610.80,29892.61
131.52,1347.67,44682.27,29883.77
131.63,1348.15,44753.67,29873.16
131.75,1348.54,44813.10,29864.33
131.85,1348.94,44872.48,29855.49
131.95,1349.34,44931.81,29844.88
132.07,1349.82,45002.92,29834.28
132.19,1350.30,45073.96,29823.68
132.31,1350.78,45144.91,29813.07
132.43,1351.26,45215.78,29804.23
132.53,1351.67,45274.79,29795.39
132.63,1352.15,45345.51,29784.79
132.74,1352.56,45404.39,29775.95
132.85,1352.97,45463.22,29767.12
132.95,1353.37,45521.99,29756.51
133.07,1353.86,45592.44,29745.90
133.18,1354.36,45662.81,29735.30
133.30,1354.85,45733.10,29726.46
133.40,1355.26,45791.61,29717.62
133.51,1355.76,45861.76,29707.02
133.62,1356.26,45931.83,29696.41
133.74,1356.67,45990.15,29685.81
133.86,1357.17,46060.08,29675.21
133.97,1357.67,46129.92,29666.37
134.08,1358.09,46188.06,29655.76
134.20,1358.60,46257.76,29645.16
134.32,1359.10,46327.38,29634.55
134.44,1359.61,46396.92,29623.95
134.55,1360.12,46466.39,29615.11
134.66,1360.54,46524.21,29604.50
134.78,1361.05,46593.53,29593.90
134.89,1361.57,46662.77,29585.06
135.01,1361.99,46720.41,29574.46
135.12,1362.51,46789.51,29563.85
135.24,1363.02,46858.53,29555.01
135.34,1363.46,46915.99,29544.41
135.46,1363.97,46984.86,29535.57
135.56,1364.41,47042.20,29524.97
135.68,1364.93,47110.94,29516.13
135.78,1365.36,47168.15,29507.29
135.89,1365.80,47225.32,29498.45
135.99,1366.24,47282.43,29487.85
136.11,1366.76,47350.89,29477.24
136.22,1367.29,47419.28,29466.64
136.34,1367.91,47498.96,29456.03
136.46,1368.35,47555.82,29445.43
136.58,1368.88,47623.97,29436.59
136.68,1369.32,47680.71,29425.99
136.80,1369.86,47748.72,29417.15
136.90,1370.30,47805.34,29408.31
137.00,1370.75,47861.90,29397.71
137.12,1371.29,47929.71,29387.10
137.24,1371.83,47997.44,29378.26
137.35,1372.28,48053.82,29367.66
137.46,1372.82,48121.41,29357.05
137.58,1373.36,48188.92,29348.22
137.68,1373.81,48245.13,29339.38
137.79,1374.27,48301.28,29328.77
137.92,1374.90,48379.80,29318.17
138.03,1375.36,48435.82,29309.33
138.14,1375.82,48491.79,29298.72
138.25,1376.37,48558.88,29288.12
138.37,1376.92,48625.90,29279.28
138.48,1377.47,48692.84,29268.68
138.59,1377.93,48748.57,29258.07
138.71,1378.49,48815.37,29247.47
138.83,1379.05,48882.10,29236.86
138.95,1379.60,48948.75,29226.26
139.07,1380.16,49015.32,29215.65
139.18,1380.72,49081.82,29205.05
139.30,1381.28,49148.25,29196.21
139.40,1381.75,49203.54,29185.60
139.52,1382.32,49269.83,29176.77
139.62,1382.79,49325.01,29167.93
139.73,1383.26,49380.14,29159.09
139.83,1383.83,49446.23,29148.49
139.94,1384.30,49501.24,29139.65
140.05,1384.78,49556.20,29129.04
140.17,1385.35,49622.09,29118.44
140.28,1385.92,49687.90,29107.83
140.40,1386.50,49753.64,29097.23
140.52,1387.07,49819.30,29088.39
140.62,1387.55,49873.96,29079.55
140.73,1388.03,49928.57,29070.72
140.83,1388.52,49983.13,29061.88
140.93,1389.00,50037.63,29053.04
141.03,1389.48,50092.09,29042.44
141.15,1390.07,50157.36,29031.83
141.27,1390.65,50222.57,29021.23
141.39,1391.23,50287.70,29010.62
141.51,1391.82,50352.75,29001.79
141.61,1392.31,50406.91,28992.95
141.72,1392.90,50471.83,28982.34
141.83,1393.39,50525.87,28973.50
141.93,1393.88,50579.86,28964.67
142.04,1394.48,50644.59,28954.06
142.15,1394.97,50698.47,28943.46
142.27,1395.56,50763.06,28934.62
142.37,1396.06,50816.82,28925.78
142.48,1396.66,50881.28,28915.18
142.59,1397.16,50934.93,28906.34
142.69,1397.66,50988.54,28897.50
142.79,1398.16,51042.09,28886.89
142.91,1398.76,51106.29,28878.06
143.02,1399.26,51159.74,28867.45
143.14,1399.96,51234.47,28856.85
143.25,1400.47,51287.79,28848.01
143.35,1400.97,51341.06,28839.17
143.45,1401.48,51394.28,28828.57
143.57,1402.09,51458.08,28817.96
143.69,1402.60,51511.19,28809.12
143.81,1403.31,51585.46,28798.52
143.92,1403.82,51638.45,28787.92
144.03,1404.44,51701.97,28777.31
144.15,1405.05,51765.42,28766.71
144.27,1405.67,51828.80,28756.10
144.38,1406.28,51892.10,28747.26
144.49,1406.80,51944.80,28736.66
144.61,1407.42,52007.97,28727.82
144.71,1408.04,52071.07,28717.21
144.82,1408.56,52123.60,28708.38
144.93,1409.08,52176.08,28697.77
145.05,1409.71,52238.99,28688.94
145.15,1410.23,52291.36,28680.10
145.25,1410.75,52343.68,28669.49
145.37,1411.38,52406.40,28660.65
145.48,1411.90,52458.62,28650.05
145.60,1412.53,52521.21,28639.45
145.72,1413.17,52583.72,28630.61
145.82,1413.69,52635.77,28621.77
145.92,1414.22,52687.76,28612.93
146.02,1414.86,52750.09,28602.33
146.13,1415.39,52801.98,28593.49
146.23,1415.92,52853.82,28584.65
146.34,1416.45,52905.61,28575.81
146.44,1417.09,52967.69,28565.21
146.55,1417.63,53019.37,28556.37
146.66,1418.16,53071.00,28547.54
146.76,1418.70,53122.59,28536.93
146.88,1419.34,53184.42,28526.32
146.99,1419.99,53246.19,28515.72
147.11,1420.63,53307.89,28505.12
147.23,1421.28,53369.51,28494.51
147.36,1421.93,53431.07,28483.90
147.48,1422.58,53492.55,28473.30
147.60,1423.23,53553.97,28462.69
147.71,1423.89,53615.32,28452.09
147.83,1424.54,53676.59,28441.48
147.95,1425.20,53737.80,28430.88
148.06,1425.86,53798.94,28422.04
148.17,1426.40,53849.84,28411.44
148.29,1427.06,53910.85,28400.83
148.41,1427.72,53971.79,28391.99
148.52,1428.28,54022.52,28383.16
148.62,1428.83,54073.21,28374.32
148.72,1429.38,54123.85,28363.71
148.84,1430.05,54184.55,28353.11
148.96,1430.71,54245.18,28342.50
149.08,1431.38,54305.74,28331.90
149.20,1432.05,54366.24,28321.29
149.32,1432.83,54436.73,28310.69
149.43,1433.39,54487.03,28301.85
149.54,1433.95,54537.27,28291.25
149.65,1434.63,54597.51,28280.64
149.77,1435.30,54657.67,28271.80
149.88,1435.98,54717.77,28261.20
150.00,1436.54,54767.80,28250.59
150.12,1437.22,54827.77,28239.99
150.23,1437.90,54887.67,28231.15
150.34,1438.47,54937.54,28220.54
150.46,1439.15,54997.32,28211.71
150.56,1439.72,55047.09,28202.87
150.66,1440.29,55096.81,28194.03
150.77,1440.86,55146.48,28183.43
150.89,1441.55,55206.03,28172.82
151.01,1442.23,55265.50,28162.22
151.13,1442.92,55324.91,28153.38
151.23,1443.50,55374.37,28144.54
151.33,1444.07,55423.78,28133.94
151.45,1444.76,55483.01,28123.33
151.57,1445.46,55542.18,28114.49
151.67,1446.04,55591.43,28103.89
151.79,1446.73,55650.47,28093.29
151.92,1447.54,55719.27,28082.68
152.03,1448.13,55768.36,28072.07
152.15,1448.83,55827.20,28063.24
152.25,1449.53,55885.98,28052.63
152.36,1450.11,55934.91,28043.79
152.47,1450.70,55983.79,28034.96
152.57,1451.28,56032.63,28026.12
152.67,1451.99,56091.18,28015.51
152.78,1452.58,56139.91,28006.68
152.88,1453.16,56188.61,27996.07
153.00,1453.87,56246.98,27985.47
153.12,1454.58,56305.28,27974.86
153.24,1455.29,56363.52,27966.02
153.35,1455.88,56412.00,27955.42
153.46,1456.36,56450.75,27950.12
153.57,1457.07,56508.83,27939.51
153.68,1457.67,56557.17,27928.91
153.80,1458.38,56615.13,27918.30
153.92,1459.10,56673.02,27907.70
154.08,1459.82,56730.84,27897.09
154.21,1460.54,56788.60,27888.25
154.32,1461.14,56836.68,27879.42
154.42,1461.74,56884.72,27868.81
154.54,1462.58,56951.90,27858.21
154.65,1463.18,56999.83,27847.60
154.77,1463.91,57057.29,27837.00
154.89,1464.63,57114.68,27826.39
155.01,1465.36,57172.01,27817.55
155.11,1465.97,57219.73,27806.95
155.23,1466.70,57276.94,27796.34
155.34,1467.43,57334.09,27787.51
155.45,1468.04,57381.66,27778.67
155.55,1468.65,57429.19,27768.06
155.67,1469.38,57486.17,27757.46
155.78,1470.12,57543.08,27746.85
155.90,1470.85,57599.92,27738.02
156.00,1471.47,57647.25,27727.41
156.12,1472.20,57703.98,27716.80
156.24,1472.94,57760.65,27707.97
156.34,1473.56,57807.82,27699.13
156.45,1474.18,57854.95,27690.29
156.55,1474.80,57902.04,27681.46
156.65,1475.42,57949.08,27670.85
156.77,1476.16,58005.48,27660.25
156.88,1476.91,58061.81,27651.41
156.99,1477.53,58108.70,27642.57
157.09,1478.28,58164.92,27631.96
157.20,1478.90,58211.71,27621.36
157.32,1479.65,58267.81,27612.52
157.43,1480.28,58314.52,27601.92
157.55,1481.03,58370.50,27591.31
157.67,1481.78,58426.42,27582.47
157.77,1482.41,58472.98,27573.64
157.88,1483.16,58528.79,27563.03
157.99,1483.79,58575.25,27552.43
158.10,1484.68,58640.22,27541.82
158.23,1485.31,58686.57,27531.22
158.35,1486.07,58742.14,27520.61
158.47,1486.83,58797.65,27510.01
158.58,1487.59,58853.10,27501.17
158.69,1488.10,58890.03,27494.10
158.80,1488.86,58945.37,27481.73
158.91,1489.63,59000.66,27472.89
159.01,1490.27,59046.68,27464.05
159.12,1490.91,59092.66,27453.45
159.24,1491.67,59147.77,27442.84
159.35,1492.44,59202.83,27432.24
159.47,1493.21,59257.83,27423.40
159.58,1493.86,59303.61,27414.56
159.68,1494.63,59358.50,27403.96
159.79,1495.27,59404.19,27393.35
159.90,1496.18,59468.08,27382.75
160.03,1496.82,59513.67,27372.14
160.15,1497.60,59568.32,27363.30
160.25,1498.25,59613.82,27352.70
160.36,1499.03,59668.36,27342.09
160.48,1499.81,59722.84,27333.26
160.60,1500.46,59768.19,27322.65
160.71,1501.24,59822.56,27312.04
160.83,1502.02,59876.87,27301.44
160.95,1502.81,59931.12,27290.84
161.06,1503.59,59985.31,27280.23
161.18,1504.38,60039.44,27271.39
161.29,1505.17,60093.51,27260.79
161.40,1505.82,60138.52,27250.18
161.52,1506.61,60192.48,27241.35
161.62,1507.27,60237.40,27232.51
161.73,1507.93,60282.28,27223.67
161.84,1508.73,60336.08,27213.07
161.95,1509.39,60380.87,27204.23
162.05,1510.05,60425.62,27195.39
162.15,1510.71,60470.32,27186.55
162.25,1511.38,60514.99,27175.95
162.37,1512.17,60568.53,27165.34
162.49,1512.97,60622.02,27156.51
162.59,1513.64,60666.55,27147.67
162.70,1514.31,60711.03,27137.06
162.82,1515.11,60764.36,27128.22
162.92,1515.78,60808.76,27117.62
163.04,1516.58,60861.98,27108.78
163.14,1517.25,60906.29,27098.18
163.25,1518.06,60959.40,27087.57
163.37,1518.86,61012.46,27076.97
163.49,1519.67,61065.46,27068.13
163.60,1520.48,61118.40,27057.53
163.71,1521.15,61162.47,27046.92
163.83,1521.97,61215.30,27038.08
163.94,1522.78,61268.08,27027.48
164.06,1523.46,61312.02,27018.64
164.16,1524.00,61347.14,27009.80
164.27,1524.95,61408.53,26999.20
164.39,1525.63,61452.34,26990.36
164.49,1526.45,61504.86,26979.75
164.60,1527.13,61548.58,26970.92
164.70,1527.81,61592.26,26960.31
164.82,1528.63,61644.62,26951.47
164.92,1529.31,61688.22,26942.64
165.02,1530.00,61731.77,26932.03
165.14,1530.82,61783.98,26921.43
165.26,1531.64,61836.14,26910.82
165.38,1532.47,61888.24,26900.22
165.49,1533.30,61940.28,26889.61
165.61,1534.12,61992.26,26880.77
165.71,1534.81,62035.54,26870.17
165.83,1535.64,62087.42,26861.33
165.93,1536.33,62130.61,26850.73
166.05,1537.17,62182.39,26840.12
166.17,1538.00,62234.11,26831.28
166.28,1538.69,62277.17,26822.45
166.38,1539.39,62320.19,26813.61
166.48,1540.08,62363.18,26803.00
166.60,1540.92,62414.70,26792.40
166.72,1541.90,62474.75,26781.79
166.83,1542.59,62517.59,26772.96
166.94,1543.29,62560.39,26762.35
167.06,1544.13,62611.70,26751.75
167.17,1544.97,62662.96,26741.14
167.29,1545.82,62714.16,26730.54
167.41,1546.66,62765.31,26719.93
167.53,1547.50,62816.40,26711.09
167.63,1548.21,62858.94,26702.26
167.73,1548.91,62901.43,26693.42
167.83,1549.62,62943.89,26682.81
167.95,1550.47,62994.79,26673.98
168.05,1551.18,63037.17,26663.37
168.17,1552.03,63087.97,26652.77
168.29,1552.88,63138.71,26642.16
168.41,1553.73,63189.40,26633.32
168.52,1554.58,63240.04,26622.72
168.63,1555.29,63282.19,26612.11
168.75,1556.15,63332.73,26603.28
168.85,1556.86,63374.80,26594.44
168.95,1557.58,63416.84,26585.60
169.05,1558.29,63458.84,26576.76
169.16,1559.01,63500.80,26567.93
169.26,1559.72,63542.72,26557.32
169.38,1560.73,63601.35,26546.71
169.49,1561.45,63643.18,26536.11
169.61,1562.31,63693.33,26525.50
169.73,1563.17,63743.43,26516.67
169.84,1563.89,63785.14,26506.06
169.95,1564.76,63835.14,26495.46
170.08,1565.62,63885.08,26484.85
170.19,1566.49,63934.98,26474.25
170.31,1567.36,63984.82,26465.41
170.42,1568.09,64026.31,26454.80
170.53,1568.96,64076.05,26445.97
170.63,1569.68,64117.47,26437.13
170.73,1570.41,64158.84,26426.53
170.85,1571.28,64208.45,26415.92
170.97,1572.30,64266.25,26405.31
171.09,1573.03,64307.49,26396.48
171.20,1573.76,64348.70,26385.87
171.31,1574.64,64398.11,26375.27
171.43,1575.52,64447.46,26366.43
171.54,1576.25,64488.54,26355.82
171.66,1577.13,64537.80,26345.22
171.78,1578.01,64587.00,26336.38
171.88,1578.75,64627.96,26327.54
171.98,1579.49,64668.89,26316.94
172.10,1580.37,64717.96,26308.10
172.21,1581.11,64758.80,26299.26
172.31,1581.85,64799.62,26288.66
172.43,1582.73,64848.55,26278.05
172.54,1583.62,64897.42,26267.45
172.67,1584.51,64946.25,26256.84
172.79,1585.55,65003.15,26246.24
172.90,1586.29,65043.75,26235.63
173.02,1587.18,65092.42,26225.03
173.14,1588.23,65149.14,26214.42
173.25,1588.97,65189.61,26205.59
173.36,1589.72,65230.05,26194.98
173.48,1590.76,65286.61,26184.38
173.59,1591.51,65326.96,26175.54
173.70,1592.26,65367.28,26164.93
173.81,1593.16,65415.61,26156.10
173.92,1593.91,65455.86,26147.26
174.03,1594.66,65496.06,26136.65
174.15,1595.56,65544.27,26126.05
174.26,1596.61,65600.44,26115.44
174.38,1597.36,65640.52,26106.61
174.48,1598.12,65680.57,26097.77
174.59,1599.02,65728.58,26087.16
174.70,1599.93,65776.54,26076.56
174.82,1600.69,65816.48,26065.95
174.94,1601.60,65864.35,26055.35
175.06,1602.50,65912.17,26044.74
175.18,1603.41,65959.94,26034.14
175.30,1604.33,66007.67,26023.53
175.43,1605.24,66055.35,26014.70
175.53,1606.00,66095.04,26005.86
175.63,1606.76,66134.70,25995.25
175.75,1607.68,66182.24,25984.65
175.87,1608.59,66229.74,25975.81
175.97,1609.36,66269.28,25966.97
176.07,1610.12,66308.79,25956.37
176.19,1611.04,66356.16,25945.76
176.31,1611.96,66403.48,25935.16
176.43,1613.03,66458.63,25924.55
176.54,1613.80,66497.98,25913.95
176.66,1614.73,66545.15,25903.34
176.78,1615.65,66592.28,25894.50
176.89,1616.42,66631.52,25885.67
176.99,1617.35,66678.56,25875.06
177.10,1618.12,66717.72,25864.46
177.22,1619.04,66764.67,25853.85
177.34,1619.97,66811.58,25845.01
177.44,1620.90,66858.44,25834.41
177.56,1621.68,66897.45,25823.80
177.68,1622.61,66944.22,25814.97
177.79,1623.39,66983.17,25806.13
177.90,1624.32,67029.85,25795.52
178.01,1625.10,67068.72,25784.92
178.13,1626.03,67115.32,25776.08
178.23,1626.81,67154.12,25765.48
178.34,1627.75,67200.63,25754.87
178.46,1628.69,67247.10,25744.27
178.58,1629.62,67293.53,25733.66
178.70,1630.56,67339.90,25724.82
178.80,1631.35,67378.51,25715.99
178.91,1632.13,67417.09,25705.38
179.03,1633.07,67463.35,25694.78
179.15,1634.02,67509.55,25684.17
179.26,1634.96,67555.71,25673.57
179.38,1635.91,67601.83,25662.96
179.50,1636.85,67647.90,25654.12
179.61,1637.64,67686.26,25643.52
179.73,1638.59,67732.25,25634.68
179.83,1639.38,67770.53,25625.84
179.93,1640.33,67816.44,25615.24
180.05,1641.12,67854.66,25606.40
180.15,1641.92,67892.84,25597.56
180.25,1642.71,67931.00,25586.96
180.37,1643.66,67976.75,25576.35
180.49,1644.62,68022.45,25565.75
180.60,1645.57,68068.11,25556.91
180.71,1646.37,68106.12,25546.30
180.83,1647.49,68159.29,25535.70
180.94,1648.28,68197.23,25526.86
181.05,1649.08,68235.14,25518.03
181.15,1649.88,68273.01,25507.42
181.27,1650.84,68318.43,25496.81
181.39,1651.80,68363.80,25486.21
181.50,1652.77,68409.12,25477.37
181.61,1653.57,68446.86,25468.54
181.71,1654.37,68484.57,25459.70
181.81,1655.18,68522.25,25450.86
181.91,1655.98,68559.89,25440.25
182.03,1656.95,68605.03,25431.42
182.14,1657.92,68650.12,25420.81
182.26,1658.88,68695.17,25410.21
182.37,1659.69,68732.68,25401.37
182.47,1660.50,68770.16,25392.53
182.58,1661.31,68807.61,25383.70
182.68,1662.28,68852.51,25373.09
182.79,1663.09,68889.90,25364.25
182.90,1663.90,68927.25,25355.41
183.00,1664.88,68972.04,25344.81
183.11,1665.69,69009.33,25335.97
183.22,1666.67,69054.04,25325.37
183.33,1667.48,69091.26,25316.53
183.43,1668.30,69128.46,25307.69
183.53,1669.11,69165.62,25298.85
183.64,1669.93,69202.76,25288.25
183.75,1670.91,69247.29,25279.41
183.86,1671.89,69291.77,25268.81
183.98,1672.71,69328.81,25259.97
184.08,1673.69,69373.22,25249.36
184.19,1674.51,69410.19,25240.53
184.30,1675.33,69447.14,25229.92
184.41,1676.32,69491.43,25221.08
184.51,1677.14,69528.32,25210.48
184.64,1677.80,69557.80,25203.41
184.75,1678.95,69609.36,25192.80
184.86,1679.94,69653.51,25182.20
184.97,1680.76,69690.27,25173.36
185.07,1681.59,69726.99,25162.76
185.20,1682.74,69778.37,25152.15
185.32,1683.57,69815.03,25141.55
185.44,1684.73,69866.31,25130.94
185.55,1685.56,69902.91,25120.34
185.67,1686.56,69946.78,25109.73
185.79,1687.55,69990.62,25100.89
185.89,1688.38,70027.12,25090.29
186.02,1689.38,70070.89,25079.68
186.13,1690.38,70114.61,25069.08
186.25,1691.38,70158.30,25060.24
186.35,1692.38,70201.95,25049.64
186.47,1693.21,70238.29,25040.80
186.57,1694.05,70274.61,25030.19
186.70,1695.22,70325.41,25019.59
186.81,1696.06,70361.66,25010.75
186.91,1697.06,70405.12,25000.15
187.02,1697.90,70441.31,24991.31
187.13,1698.74,70477.48,24980.70
187.25,1699.75,70520.84,24970.10
187.36,1700.76,70564.16,24959.49
187.48,1701.77,70607.45,24950.65
187.58,1702.61,70643.49,24941.82
187.68,1703.45,70679.51,24931.21
187.80,1704.46,70722.70,24920.61
187.92,1705.47,70765.84,24911.77
188.02,1706.32,70801.77,24902.93
188.12,1707.17,70837.67,24894.10
188.23,1708.18,70880.72,24883.49
188.35,1709.03,70916.56,24874.65
188.45,1710.04,70959.53,24864.05
188.57,1710.89,70995.31,24853.44
188.69,1711.91,71038.22,24844.60
188.79,1712.76,71073.95,24835.77
188.89,1713.78,71116.78,24825.16
189.00,1714.63,71152.45,24814.56
189.12,1715.66,71195.23,24805.72
189.23,1716.51,71230.84,24796.88
189.33,1717.36,71266.43,24788.04
189.43,1718.21,71302.00,24777.44
189.54,1719.24,71344.64,24766.83
189.66,1720.27,71387.25,24756.23
189.78,1721.29,71429.83,24745.62
189.90,1722.32,71472.36,24735.02
190.02,1723.35,71514.86,24724.41
190.14,1724.38,71557.33,24715.58
190.25,1725.07,71585.62,24708.51
190.35,1726.10,71628.01,24697.90
190.45,1727.13,71670.38,24687.30
190.58,1728.17,71712.71,24676.69
190.69,1729.03,71747.96,24667.85
190.80,1729.89,71783.19,24659.02
190.90,1730.75,71818.39,24648.41
191.02,1731.79,71860.60,24637.81
191.14,1732.83,71902.77,24627.20
191.25,1733.87,71944.91,24618.36
191.36,1734.91,71987.02,24607.76
191.47,1735.77,72022.08,24598.92
191.58,1736.81,72064.12,24588.32
191.69,1737.68,72099.13,24579.48
191.79,1738.55,72134.11,24570.64
191.89,1739.42,72169.07,24561.80
192.00,1740.29,72204.01,24551.20
192.11,1741.33,72245.90,24542.36
192.22,1742.21,72280.79,24533.52
192.33,1743.25,72322.61,24522.92
192.45,1744.13,72357.44,24514.08
192.55,1745.17,72399.20,24503.48
192.66,1746.05,72433.97,24494.64
192.76,1746.92,72468.73,24485.80
192.87,1747.80,72503.45,24475.20
192.99,1749.03,72552.04,24464.59
193.11,1750.08,72593.64,24453.99
193.22,1751.13,72635.22,24443.38
193.34,1752.01,72669.84,24434.54
193.44,1753.07,72711.35,24423.94
193.56,1753.95,72745.92,24413.33
193.68,1755.00,72787.38,24404.50
193.78,1756.06,72828.80,24393.89
193.90,1756.94,72863.30,24383.29
194.01,1758.00,72904.66,24374.45
194.12,1758.89,72939.10,24363.84
194.24,1759.95,72980.41,24353.24
194.36,1761.01,73021.68,24344.40
194.47,1762.07,73062.92,24333.79
194.58,1762.96,73097.27,24323.19
194.70,1764.02,73138.45,24312.58
194.82,1765.26,73186.45,24301.98
194.94,1766.15,73220.72,24293.14
195.05,1767.22,73261.81,24282.54
195.16,1768.11,73296.03,24273.70
195.27,1769.18,73337.06,24263.09
195.38,1770.07,73371.23,24252.49
195.51,1771.32,73419.03,24241.88
195.62,1772.21,73453.15,24233.05
195.73,1773.11,73487.25,24224.21
195.83,1774.18,73528.14,24213.60
195.94,1775.07,73562.19,24204.77
196.05,1776.15,73603.03,24194.16
196.17,1777.04,73637.04,24183.56
196.29,1778.12,73677.81,24172.95
196.41,1779.20,73718.56,24162.35
196.53,1780.27,73759.28,24151.74
196.65,1781.35,73799.97,24141.14
196.78,1782.61,73847.41,24130.53
196.89,1783.69,73888.03,24119.93
197.01,1784.60,73921.87,24111.09
197.11,1785.50,73955.69,24102.25
197.21,1786.58,73996.24,24091.65
197.33,1787.48,74030.01,24082.81
197.43,1788.57,74070.51,24072.20
197.55,1789.29,74097.49,24065.13
197.65,1790.38,74137.94,24054.53
197.77,1791.28,74171.63,24043.92
197.89,1792.37,74212.03,24035.09
197.99,1793.28,74245.68,24026.25
198.09,1794.19,74279.31,24015.64
198.21,1795.28,74319.64,24006.81
198.38,1796.37,74359.93,23996.20
198.49,1797.46,74400.20,23985.60
198.60,1798.37,74433.74,23976.76
198.71,1799.46,74473.96,23966.15
198.82,1800.56,74514.16,23955.55
198.94,1801.47,74547.63,23946.71
199.04,1802.38,74581.09,23937.87
199.14,1803.48,74621.21,23927.27
199.26,1804.39,74654.63,23918.43
199.37,1805.31,74688.03,23907.83
199.49,1806.59,74734.75,23897.22
199.60,1807.51,74768.10,23888.38
199.71,1808.61,74808.10,23877.78
199.81,1809.53,74841.41,23868.94
199.92,1810.44,74874.71,23860.10
200.02,1811.36,74907.98,23851.27
200.13,1812.47,74947.88,23840.66
200.24,1813.57,74987.76,23830.05
200.36,1814.49,75020.98,23821.22
200.46,1815.60,75060.81,23810.61
200.58,1816.52,75093.98,23801.78
200.68,1817.44,75127.14,23792.94
200.78,1818.37,75160.28,23782.33
200.90,1819.48,75200.02,23771.73
201.02,1820.59,75239.74,23762.89
201.12,1821.70,75279.43,23752.29
201.24,1822.62,75312.49,23743.45
201.34,1823.55,75345.53,23734.61
201.44,1824.48,75378.56,23724.00
201.56,1825.59,75418.16,23713.40
201.68,1826.70,75457.74,23704.56
201.78,1827.63,75490.71,23695.72
201.88,1828.56,75523.66,23686.89
201.98,1829.68,75563.17,23676.28
202.10,1830.61,75596.09,23667.45
202.20,1831.54,75628.98,23656.84
202.32,1832.66,75668.43,23648.00
202.42,1833.60,75701.29,23639.16
202.52,1834.72,75740.70,23628.56
202.64,1835.65,75773.52,23619.72
202.74,1836.59,75806.33,23609.12
202.86,1837.71,75845.67,23598.51
202.98,1838.83,75884.99,23589.67
203.08,1839.77,75917.74,23579.07
203.19,1840.89,75957.02,23570.23
203.30,1841.83,75989.74,23561.39
203.40,1842.77,76022.44,23552.56
203.51,1843.90,76061.65,23541.95
203.62,1844.84,76094.32,23533.11
203.73,1845.97,76133.49,23522.51
203.84,1846.91,76166.12,23513.67
203.94,1847.85,76198.74,23503.07
204.06,1848.98,76237.85,23494.23
204.16,1849.93,76270.43,23485.39
204.26,1850.87,76303.00,23474.79
204.38,1852.00,76342.05,23465.95
204.48,1852.95,76374.58,23457.11
204.58,1853.89,76407.10,23446.51
204.71,1855.22,76452.60,23435.90
204.82,1856.17,76485.08,23425.29
204.94,1857.30,76524.03,23414.69
205.06,1858.44,76562.97,23404.09
205.18,1859.58,76601.88,23395.25
205.28,1860.53,76634.29,23384.64
205.41,1861.67,76673.16,23374.04
205.53,1862.62,76705.54,23366.97
205.64,1863.76,76744.37,23356.36
205.74,1864.91,76783.19,23345.76
205.86,1865.86,76815.52,23335.15
205.97,1867.00,76854.29,23326.31
206.08,1867.96,76886.59,23315.71
206.19,1869.10,76925.33,23306.87
206.29,1870.06,76957.60,23298.04
206.39,1871.02,76989.86,23287.43
206.51,1872.16,77028.54,23276.82
206.64,1873.31,77067.21,23266.22
206.76,1874.46,77105.86,23257.38
206.86,1875.42,77138.05,23246.78
206.98,1876.57,77176.66,23236.17
207.09,1877.73,77215.25,23227.33
207.19,1878.69,77247.39,23216.73
207.31,1879.84,77285.95,23207.89
207.41,1880.80,77318.07,23199.05
207.51,1881.77,77350.17,23188.45
207.63,1882.92,77388.67,23179.61
207.74,1883.88,77420.75,23170.78
207.84,1885.04,77459.22,23160.17
207.96,1886.01,77491.26,23149.56
208.08,1887.17,77529.70,23138.96
208.19,1888.33,77568.12,23128.35
208.31,1889.49,77606.52,23119.52
208.42,1890.65,77644.90,23108.91
208.53,1891.62,77676.88,23098.31
208.65,1892.78,77715.23,23089.47
208.76,1893.75,77747.17,23080.63
208.86,1894.91,77785.49,23070.03
208.98,1895.88,77817.41,23059.42
209.10,1897.05,77855.69,23048.82
209.21,1898.22,77893.96,23038.21
209.34,1899.39,77932.21,23029.37
209.44,1900.36,77964.07,23018.77
209.56,1901.53,78002.29,23008.16
209.67,1902.70,78040.49,22999.33
209.77,1903.67,78072.31,22990.49
209.88,1904.65,78104.12,22979.88
209.99,1905.82,78142.28,22969.28
210.11,1906.99,78180.42,22960.44
210.22,1907.97,78212.19,22951.60
210.32,1908.95,78243.95,22941.00
210.44,1910.13,78282.05,22930.39
210.55,1911.30,78320.14,22919.79
210.67,1912.48,78358.20,22910.95
210.78,1913.46,78389.91,22900.35
210.89,1914.64,78427.95,22891.51
211.00,1915.62,78459.64,22880.90
211.12,1916.80,78497.65,22870.30
211.23,1917.98,78535.64,22859.69
211.35,1919.16,78573.62,22850.86
211.46,1920.15,78605.26,22840.25
211.58,1921.33,78643.21,22829.64
211.70,1922.71,78687.47,22819.04
211.81,1923.70,78719.07,22810.20
211.92,1924.88,78756.98,22799.60
212.04,1925.87,78788.56,22790.76
212.14,1927.06,78826.44,22780.15
212.26,1928.05,78858.00,22769.55
212.37,1929.24,78895.85,22758.95
212.49,1930.43,78933.69,22750.11
212.60,1931.42,78965.22,22739.50
212.71,1932.61,79003.03,22728.90
212.83,1933.80,79040.84,22720.06
212.94,1934.60,79072.33,22714.50
213.04,1934.48,79103.81,22714.50
213.14,1934.36,79135.28,22714.50
213.26,1934.21,79173.03,22714.50
213.36,1934.08,79204.47,22714.50
213.47,1933.99,79229.62,19321.06
213.61,1934.55,79273.62,18231.47
213.73,1935.20,79311.30,18227.16
213.85,1935.74,79342.70,18222.86
213.97,1936.51,79386.64,18218.55
214.07,1937.05,79418.01,18214.96
214.17,1937.59,79449.37,18211.37
214.27,1938.14,79480.72,18207.78
214.37,1938.69,79512.07,18204.18
214.48,1939.23,79543.40,18199.88
214.59,1939.99,79587.26,18195.57
214.72,1940.65,79624.83,18191.26
214.83,1941.20,79656.13,18187.67
214.94,1941.85,79693.67,18183.36
215.05,1942.51,79731.21,18179.05
215.17,1943.06,79762.47,18175.46
215.28,1943.60,79793.73,18171.15
215.39,1944.26,79831.22,18166.84
215.51,1944.92,79868.70,18163.25
215.62,1945.57,79906.17,18158.94
215.73,1946.12,79937.39,18154.63
215.85,1946.78,79974.83,18151.04
215.95,1947.33,80006.02,18147.46
216.06,1947.88,80037.21,18143.14
216.17,1948.54,80074.62,18138.84
216.29,1949.20,80112.02,18135.25
216.39,1949.75,80143.17,18130.94
216.52,1950.41,80180.54,18127.35
216.62,1951.07,80217.90,18123.04
216.73,1951.62,80249.03,18119.45
216.84,1952.28,80286.36,18115.14
216.95,1952.83,80317.47,18111.55
217.06,1953.38,80348.56,18107.24
217.17,1954.05,80385.87,18102.93
217.29,1954.71,80423.16,18098.62
217.41,1955.37,80460.44,18095.03
217.52,1956.03,80497.70,18090.72
217.63,1956.59,80528.75,18087.13
217.74,1957.14,80559.78,18083.54
217.84,1957.69,80590.81,18079.23
217.96,1958.47,80634.24,18074.93
218.08,1959.13,80671.45,18070.62
218.19,1959.68,80702.45,18066.31
218.31,1960.35,80739.64,18062.00
218.44,1961.01,80776.81,18057.69
218.56,1961.68,80813.98,18053.38
218.67,1962.35,80851.13,18049.07
218.79,1963.01,80888.27,18044.76
218.92,1963.79,80931.59,18040.46
219.04,1964.46,80968.71,18036.15
219.15,1965.01,80999.63,18031.84
219.27,1965.68,81036.72,18027.53
219.39,1966.35,81073.81,18023.94
219.49,1966.90,81104.70,18019.63
219.62,1967.68,81147.94,18015.32
219.73,1968.24,81178.82,18011.73
219.84,1968.80,81209.69,18007.42
219.95,1969.47,81246.72,18003.83
220.06,1970.02,81277.58,18000.24
220.16,1970.69,81314.59,17995.93
220.27,1971.25,81345.43,17992.34
220.37,1971.81,81376.26,17988.75
220.47,1972.37,81407.08,17984.44
220.59,1973.04,81444.05,17980.13
220.71,1973.71,81481.02,17975.83
220.83,1974.16,81505.66,17973.67
220.99,1974.83,81542.60,17969.36
221.09,1975.39,81573.38,17965.77
221.20,1975.95,81604.15,17962.18
221.31,1976.40,81628.76,17958.59
221.42,1977.18,81671.82,17954.28
221.52,1977.74,81702.57,17950.69
221.63,1978.42,81739.47,17946.38
221.74,1979.09,81776.35,17942.07
221.87,1979.76,81813.23,17937.77
221.98,1980.44,81850.09,17933.46
222.10,1981.00,81880.81,17929.87
222.21,1981.56,81911.51,17926.28
222.32,1982.24,81948.35,17921.97
222.43,1982.80,81979.04,17917.66
222.55,1983.48,82015.86,17914.07
222.65,1984.04,82046.54,17910.48
222.75,1984.60,82077.21,17906.89
222.86,1985.17,82107.88,17902.58
222.97,1985.84,82144.67,17898.27
223.09,1986.63,82187.58,17893.96
223.20,1987.20,82218.23,17890.37
223.31,1987.76,82248.86,17886.78
223.41,1988.33,82279.49,17883.19
223.52,1989.00,82316.24,17878.88
223.63,1989.57,82346.85,17874.57
223.75,1990.36,82389.71,17870.26
223.86,1990.93,82420.31,17866.67
223.97,1991.61,82457.03,17862.37
224.09,1991.83,82469.26,17860.93
224.24,1992.40,82499.85,17857.34
224.34,1992.96,82530.42,17853.75
224.46,1993.53,82560.99,17849.44
224.56,1994.32,82603.78,17845.13
224.67,1994.89,82634.34,17841.54
224.77,1995.46,82664.90,17837.95
224.88,1996.03,82695.45,17833.64
224.99,1996.71,82732.11,17830.05
225.10,1997.39,82768.75,17825.74
225.21,1997.96,82799.29,17822.15
225.32,1998.53,82829.81,17817.84
225.44,1999.21,82866.44,17813.53
225.55,1999.89,82903.06,17809.94
225.66,2000.46,82933.57,17805.63
225.77,2001.14,82970.17,17801.32
225.89,2001.83,83006.77,17797.73
225.99,2002.40,83037.26,17794.14
226.10,2003.08,83073.84,17789.83
226.22,2003.77,83110.42,17785.53
226.33,2004.34,83140.89,17781.94
226.43,2004.91,83171.36,17777.63
226.56,2005.59,83207.92,17773.32
226.67,2006.28,83244.47,17769.01
226.79,2006.96,83281.02,17764.70
226.92,2007.76,83323.64,17760.39
227.03,2008.34,83354.08,17756.80
227.14,2008.91,83384.52,17753.21
227.24,2009.59,83421.03,17748.90
227.35,2010.17,83451.45,17744.59
227.47,2010.85,83487.96,17741.00
227.57,2011.54,83524.46,17736.70
227.69,2012.12,83554.87,17733.10
227.80,2012.69,83585.28,17729.51
227.90,2013.38,83621.76,17725.21
228.02,2014.07,83658.24,17720.90
228.13,2014.64,83688.63,17717.31
228.24,2015.21,83719.02,17713.00
228.35,2015.90,83755.48,17708.69
228.47,2016.59,83791.93,17704.38
228.60,2017.40,83834.45,17700.07
228.71,2017.97,83864.82,17696.48
228.82,2018.55,83895.19,17692.17
228.94,2019.24,83931.62,17687.86
229.05,2019.93,83968.05,17683.55
229.17,2020.62,84004.47,17679.96
229.27,2021.20,84034.81,17676.38
229.37,2021.78,84065.16,17672.06
229.49,2022.47,84101.56,17667.76
229.62,2023.28,84144.03,17663.45
229.73,2023.85,84174.36,17659.86
229.84,2024.43,84204.69,17656.27
229.94,2025.01,84235.01,17651.96
230.05,2025.70,84271.40,17648.37
230.16,2026.40,84307.78,17644.06
230.27,2026.97,84338.09,17639.75
230.40,2027.79,84380.52,17635.44
230.51,2028.48,84416.88,17631.13
230.64,2029.06,84447.18,17627.54
230.74,2029.75,84483.54,17623.23
230.85,2030.33,84513.83,17618.93
230.97,2031.03,84550.18,17615.33
231.07,2031.73,84586.53,17611.03
231.20,2032.31,84616.81,17606.72
231.32,2033.00,84653.15,17602.41
231.44,2033.70,84689.48,17598.10
231.55,2034.40,84725.81,17594.51
231.65,2034.98,84756.08,17590.92
231.76,2035.68,84792.40,17586.61
231.87,2036.26,84822.66,17583.02
231.98,2036.95,84858.98,17578.71
232.09,2037.54,84889.24,17575.12
232.20,2038.12,84919.49,17570.81
232.32,2038.82,84955.80,17566.50
232.43,2039.52,84992.10,17562.91
232.54,2040.10,85022.35,17558.60
232.65,2040.80,85058.64,17555.01
232.76,2041.38,85088.88,17550.71
232.88,2042.20,85131.22,17546.40
233.00,2042.90,85167.51,17542.09
233.11,2043.48,85197.74,17537.78
233.24,2044.19,85234.02,17534.19
233.34,2044.89,85270.30,17529.88
233.45,2045.47,85300.53,17526.29
233.55,2046.06,85330.75,17521.98
233.67,2046.76,85367.02,17518.39
233.77,2047.34,85397.25,17514.80
233.87,2047.93,85427.47,17511.21
233.98,2048.63,85463.73,17506.90
234.09,2049.22,85493.95,17503.31
234.20,2049.92,85530.20,17499.00
234.31,2050.51,85560.42,17495.41
234.41,2051.09,85590.63,17491.82
234.52,2051.68,85620.84,17488.23
234.63,2052.38,85657.09,17483.92
234.74,2053.09,85693.34,17479.61
234.85,2053.79,85729.58,17475.30
234.98,2054.50,85765.83,17470.99
235.10,2055.20,85802.07,17466.69
235.21,2055.79,85832.27,17463.10
235.32,2056.50,85868.51,17458.79
235.43,2057.09,85898.71,17455.20
235.54,2057.68,85928.91,17451.61
235.64,2058.26,85959.10,17447.30
235.76,2058.97,85995.33,17443.71
235.86,2059.56,86025.52,17440.12
235.97,2060.27,86061.75,17435.81
236.08,2060.86,86091.94,17432.22
236.19,2061.57,86128.16,17427.91
236.30,2062.16,86158.35,17424.32
236.41,2062.86,86194.58,17420.01
236.52,2063.45,86224.76,17416.42
236.63,2064.16,86260.98,17412.11
236.74,2064.75,86291.17,17408.52
236.85,2065.46,86327.39,17404.21
236.96,2066.06,86357.57,17400.62
237.06,2066.65,86387.76,17397.03
237.16,2067.24,86417.94,17393.44
237.27,2067.95,86454.16,17389.13
237.37,2068.54,86484.35,17385.54
237.49,2069.13,86514.53,17381.23
237.61,2069.84,86550.75,17377.64
237.72,2070.56,86586.96,17373.33
237.83,2071.15,86617.15,17369.74
237.93,2071.74,86647.33,17366.15
238.04,2072.33,86677.52,17362.56
238.14,2072.93,86707.70,17358.97
